0.500000 1.047691 0.645415 0.629175 0.615786 0.605247 0.541220 1.936459 0.992417 1.079502 0.934230 0.543686 0.647462 0.655867 
1.047691 0.500000 1.047471 0.709056 0.985228 0.562063 0.650184 1.009602 0.677210 1.145429 0.877836 0.584326 0.710626 0.867435 
0.645415 1.047471 0.500000 1.313193 1.047540 0.653410 0.647652 0.613134 0.558190 0.808259 0.629137 0.944685 0.632960 1.333111 
0.629175 0.709056 1.313193 0.500000 1.201028 0.905389 0.645501 0.615742 0.523069 0.811130 0.605317 1.031228 0.896199 0.988129 
0.615786 0.985228 1.047540 1.201028 0.500000 0.883245 0.854905 0.671185 0.606665 1.056218 0.598723 0.719597 0.886490 0.747546 
0.605247 0.562063 0.653410 0.905389 0.883245 0.500000 1.031423 0.582648 0.601000 0.558390 0.583855 2.297766 0.704674 0.905046 
0.541220 0.650184 0.647652 0.645501 0.854905 1.031423 0.500000 0.648770 0.636804 0.825369 0.649749 0.959709 1.796626 0.986244 
1.936459 1.009602 0.613134 0.615742 0.671185 0.582648 0.648770 0.500000 1.011485 0.768206 0.899955 0.582648 0.850389 0.683935 
0.992417 0.677210 0.558190 0.523069 0.606665 0.601000 0.636804 1.011485 0.500000 0.993911 2.505131 0.518471 0.649709 0.600095 
1.079502 1.145429 0.808259 0.811130 1.056218 0.558390 0.825369 0.768206 0.993911 0.500000 0.800608 0.500000 0.775931 0.751203 
0.934230 0.877836 0.629137 0.605317 0.598723 0.583855 0.649749 0.899955 2.505131 0.800608 0.500000 0.543695 0.685427 0.560493 
0.543686 0.584326 0.944685 1.031228 0.719597 2.297766 0.959709 0.582648 0.518471 0.500000 0.543695 0.500000 0.745478 0.902866 
0.647462 0.710626 0.632960 0.896199 0.886490 0.704674 1.796626 0.850389 0.649709 0.775931 0.685427 0.745478 0.500000 0.892186 
0.655867 0.867435 1.333111 0.988129 0.747546 0.905046 0.986244 0.683935 0.600095 0.751203 0.560493 0.902866 0.892186 0.500000 
