0.250000 1.325739 0.342923 0.440292 0.347776 0.323190 0.395910 2.829806 1.007333 0.910937 0.952075 0.314268 0.412677 0.487627 
1.325739 0.250000 0.963561 0.647318 0.980814 0.344176 0.532000 0.909052 0.501278 1.441789 0.717506 0.381687 0.607068 0.738566 
0.342923 0.963561 0.250000 1.919846 1.067220 0.369404 0.441181 0.470858 0.374663 0.705005 0.402515 0.625783 0.539612 1.867983 
0.440292 0.647318 1.919846 0.250000 1.617449 0.737818 0.544898 0.377690 0.311366 0.665968 0.344749 0.772679 0.535330 1.175152 
0.347776 0.980814 1.067220 1.617449 0.250000 1.104499 0.678962 0.448120 0.411980 1.217658 0.385173 0.545720 0.698988 0.586194 
0.323190 0.344176 0.369404 0.737818 1.104499 0.250000 1.054633 0.417077 0.300500 0.347086 0.372956 3.283568 0.608116 0.827530 
0.395910 0.532000 0.441181 0.544898 0.678962 1.054633 0.250000 0.391460 0.500543 0.704672 0.370810 1.058429 2.670973 0.746083 
2.829806 0.909052 0.470858 0.377690 0.448120 0.417077 0.391460 0.250000 0.758464 0.828542 1.074225 0.363002 0.811218 0.411040 
1.007333 0.501278 0.374663 0.311366 0.411980 0.300500 0.500543 0.758464 0.250000 1.190497 3.534094 0.307142 0.505619 0.387076 
0.910937 1.441789 0.705005 0.665968 1.217658 0.347086 0.704672 0.828542 1.190497 0.250000 0.642320 0.360558 0.524634 0.550888 
0.952075 0.717506 0.402515 0.344749 0.385173 0.372956 0.370810 1.074225 3.534094 0.642320 0.250000 0.293125 0.652141 0.348865 
0.314268 0.381687 0.625783 0.772679 0.545720 3.283568 1.058429 0.363002 0.307142 0.360558 0.293125 0.250000 0.672610 1.111983 
0.412677 0.607068 0.539612 0.535330 0.698988 0.608116 2.670973 0.811218 0.505619 0.524634 0.652141 0.672610 0.250000 0.851567 
0.487627 0.738566 1.867983 1.175152 0.586194 0.827530 0.746083 0.411040 0.387076 0.550888 0.348865 1.111983 0.851567 0.250000 
