0.000488 2.042798 0.067544 0.088660 0.207126 0.088592 0.016791 4.531419 1.150737 0.376835 1.452159 0.021159 0.163809 0.125700 
2.042798 0.000488 1.505390 0.294944 0.921641 0.088383 0.221169 1.277550 0.367745 1.909083 0.267803 0.200714 0.487605 0.748506 
0.067544 1.505390 0.000488 3.570214 0.543052 0.182474 0.110186 0.045913 0.053781 0.563624 0.042574 0.070955 0.316735 3.260892 
0.088660 0.294944 3.570214 0.000488 2.982148 1.012872 0.153153 0.102958 0.020602 0.242056 0.005855 0.534078 0.189218 1.136573 
0.207126 0.921641 0.543052 2.982148 0.000488 1.395111 0.445615 0.433891 0.114455 1.194429 0.436932 0.441812 0.790603 0.426516 
0.088592 0.088383 0.182474 1.012872 1.395111 0.000488 1.720229 0.043365 0.030947 0.131489 0.071800 4.878118 0.231633 0.458318 
0.016791 0.221169 0.110186 0.153153 0.445615 1.720229 0.000488 0.122322 0.148877 0.433353 0.051368 1.633522 4.717426 0.559320 
4.531419 1.277550 0.045913 0.102958 0.433891 0.043365 0.122322 0.000488 0.365696 0.386974 1.335234 0.051698 1.521678 0.114631 
1.150737 0.367745 0.053781 0.020602 0.114455 0.030947 0.148877 0.365696 0.000488 2.802621 5.125462 0.004182 0.108883 0.039342 
0.376835 1.909083 0.563624 0.242056 1.194429 0.131489 0.433353 0.386974 2.802621 0.000488 1.223849 0.103450 0.600112 0.365455 
1.452159 0.267803 0.042574 0.005855 0.436932 0.071800 0.051368 1.335234 5.125462 1.223849 0.000488 0.014715 0.249279 0.056303 
0.021159 0.200714 0.070955 0.534078 0.441812 4.878118 1.633522 0.051698 0.004182 0.103450 0.014715 0.000488 0.146752 2.232175 
0.163809 0.487605 0.316735 0.189218 0.790603 0.231633 4.717426 1.521678 0.108883 0.600112 0.249279 0.146752 0.000488 0.809598 
0.125700 0.748506 3.260892 1.136573 0.426516 0.458318 0.559320 0.114631 0.039342 0.365455 0.056303 2.232175 0.809598 0.000488 
