0.000244 2.077548 0.112116 0.067488 0.202454 0.044296 0.034634 4.659606 0.970222 0.447960 1.624584 0.010580 0.141113 0.086033 
2.077548 0.000244 1.528135 0.274064 0.945291 0.044191 0.262566 1.190480 0.394638 2.152325 0.212219 0.150343 0.430041 0.816793 
0.112116 1.528135 0.000244 3.681395 0.453563 0.140903 0.127928 0.022956 0.026890 0.588211 0.046063 0.116828 0.205715 3.427930 
0.067488 0.274064 3.681395 0.000244 3.264347 1.099467 0.125318 0.051479 0.010301 0.218385 0.002927 0.425514 0.223051 1.034897 
0.202454 0.945291 0.453563 3.264347 0.000244 1.526315 0.439277 0.421037 0.129519 1.003543 0.394965 0.437959 0.808233 0.452131 
0.044296 0.044191 0.140903 1.099467 1.526315 0.000244 1.638743 0.045605 0.039332 0.114293 0.087817 4.935658 0.323092 0.438922 
0.034634 0.262566 0.127928 0.125318 0.439277 1.638743 0.000244 0.218669 0.176030 0.351128 0.101894 1.817602 4.721964 0.462882 
4.659606 1.190480 0.022956 0.051479 0.421037 0.045605 0.218669 0.000244 0.356281 0.383440 1.412309 0.052112 1.581647 0.083015 
0.970222 0.394638 0.026890 0.010301 0.129519 0.039332 0.176030 0.356281 0.000244 3.023181 5.191971 0.002091 0.083999 0.074180 
0.447960 2.152325 0.588211 0.218385 1.003543 0.114293 0.351128 0.383440 3.023181 0.000244 1.056112 0.076727 0.750395 0.312935 
1.624584 0.212219 0.046063 0.002927 0.394965 0.087817 0.101894 1.412309 5.191971 1.056112 0.000244 0.007357 0.255812 0.084603 
0.010580 0.150343 0.116828 0.425514 0.437959 4.935658 1.817602 0.052112 0.002091 0.076727 0.007357 0.000244 0.097561 2.348303 
0.141113 0.430041 0.205715 0.223051 0.808233 0.323092 4.721964 1.581647 0.083999 0.750395 0.255812 0.097561 0.000244 0.856010 
0.086033 0.816793 3.427930 1.034897 0.452131 0.438922 0.462882 0.083015 0.074180 0.312935 0.084603 2.348303 0.856010 0.000244 
