0.000122 2.209955 0.129656 0.033744 0.149113 0.043607 0.017317 4.652553 1.061440 0.327045 1.606451 0.005290 0.171495 0.099269 
2.209955 0.000122 1.455692 0.346374 0.858797 0.050649 0.230873 1.090698 0.276103 2.167575 0.257541 0.159308 0.618803 0.784566 
0.129656 1.455692 0.000122 3.859651 0.350168 0.097268 0.116643 0.034520 0.034904 0.519723 0.070176 0.130921 0.152426 3.555186 
0.033744 0.346374 3.859651 0.000122 3.258961 1.088472 0.062659 0.079525 0.054042 0.185779 0.001464 0.386906 0.216319 0.933037 
0.149113 0.858797 0.350168 3.258961 0.000122 1.558421 0.565521 0.477080 0.116831 1.226426 0.320881 0.353778 0.647018 0.623938 
0.043607 0.050649 0.097268 1.088472 1.558421 0.000122 1.808051 0.073947 0.019666 0.057146 0.069842 4.900538 0.363548 0.375777 
0.017317 0.230873 0.116643 0.062659 0.565521 1.808051 0.000122 0.161433 0.164492 0.387637 0.078073 1.755443 4.870679 0.288112 
4.652553 1.090698 0.034520 0.079525 0.477080 0.073947 0.161433 0.000122 0.258476 0.429954 1.632816 0.130905 1.370555 0.114471 
1.061440 0.276103 0.034904 0.054042 0.116831 0.019666 0.164492 0.258476 0.000122 3.108886 5.229794 0.001046 0.092555 0.088699 
0.327045 2.167575 0.519723 0.185779 1.226426 0.057146 0.387637 0.429954 3.108886 0.000122 0.914852 0.111166 0.781914 0.288832 
1.606451 0.257541 0.070176 0.001464 0.320881 0.069842 0.078073 1.632816 5.229794 0.914852 0.000122 0.003679 0.279065 0.042301 
0.005290 0.159308 0.130921 0.386906 0.353778 4.900538 1.755443 0.130905 0.001046 0.111166 0.003679 0.000122 0.098883 2.469072 
0.171495 0.618803 0.152426 0.216319 0.647018 0.363548 4.870679 1.370555 0.092555 0.781914 0.279065 0.098883 0.000122 0.843674 
0.099269 0.784566 3.555186 0.933037 0.623938 0.375777 0.288112 0.114471 0.088699 0.288832 0.042301 2.469072 0.843674 0.000122 
