0.000061 2.515477 0.117004 0.090868 0.146406 0.045279 0.059230 4.699936 0.924834 0.356619 1.373797 0.002645 0.142345 0.049634 
2.515477 0.000061 1.481481 0.318339 0.826707 0.051583 0.168698 1.019298 0.237508 2.017649 0.269527 0.135108 0.566970 0.915726 
0.117004 1.481481 0.000061 3.665534 0.454072 0.071931 0.133419 0.038270 0.017452 0.514495 0.061872 0.198918 0.127312 3.642314 
0.090868 0.318339 3.665534 0.000061 3.150195 1.137411 0.054627 0.112073 0.027021 0.166175 0.046389 0.544703 0.231155 0.979584 
0.146406 0.826707 0.454072 3.150195 0.000061 1.528539 0.697712 0.285460 0.206339 1.304055 0.287596 0.312832 0.616641 0.707520 
0.045279 0.051583 0.071931 1.137411 1.528539 0.000061 1.752438 0.061388 0.030843 0.132629 0.082056 4.976269 0.332713 0.320994 
0.059230 0.168698 0.133419 0.054627 0.697712 1.752438 0.000061 0.110600 0.107699 0.473707 0.064828 1.713165 4.963407 0.224545 
4.699936 1.019298 0.038270 0.112073 0.285460 0.061388 0.110600 0.000061 0.357634 0.263453 1.914791 0.065453 1.538483 0.057236 
0.924834 0.237508 0.017452 0.027021 0.206339 0.030843 0.107699 0.357634 0.000061 3.268519 5.170510 0.027215 0.075124 0.073377 
0.356619 2.017649 0.514495 0.166175 1.304055 0.132629 0.473707 0.263453 3.268519 0.000061 0.927461 0.106611 0.688498 0.304202 
1.373797 0.269527 0.061872 0.046389 0.287596 0.082056 0.064828 1.914791 5.170510 0.927461 0.000061 0.001839 0.302256 0.021151 
0.002645 0.135108 0.198918 0.544703 0.312832 4.976269 1.713165 0.065453 0.027215 0.106611 0.001839 0.000061 0.075346 2.363970 
0.142345 0.566970 0.127312 0.231155 0.616641 0.332713 4.963407 1.538483 0.075124 0.688498 0.302256 0.075346 0.000061 0.863822 
0.049634 0.915726 3.642314 0.979584 0.707520 0.320994 0.224545 0.057236 0.073377 0.304202 0.021151 2.363970 0.863822 0.000061 
