0.000031 2.499577 0.113199 0.093453 0.125742 0.022639 0.029615 4.403956 1.024890 0.313206 1.671494 0.022510 0.121548 0.047513 
2.499577 0.000031 1.309660 0.375166 0.951582 0.048488 0.204220 1.041467 0.220944 2.093251 0.208810 0.131534 0.513253 0.891392 
0.113199 1.309660 0.000031 3.720098 0.359371 0.035966 0.172087 0.019135 0.032519 0.560287 0.058601 0.153967 0.088040 3.866414 
0.093453 0.375166 3.720098 0.000031 3.083607 1.145361 0.105986 0.080167 0.033980 0.248167 0.023194 0.508551 0.270763 0.800848 
0.125742 0.951582 0.359371 3.083607 0.000031 1.548779 0.593555 0.364206 0.249438 1.344496 0.238888 0.290159 0.616938 0.722581 
0.022639 0.048488 0.035966 1.145361 1.548779 0.000031 1.934349 0.053064 0.041060 0.109775 0.069657 5.028610 0.195012 0.256583 
0.029615 0.204220 0.172087 0.105986 0.593555 1.934349 0.000031 0.156235 0.079663 0.400676 0.079196 1.650256 4.918121 0.165384 
4.403956 1.041467 0.019135 0.080167 0.364206 0.053064 0.156235 0.000031 0.278627 0.255429 1.916691 0.083040 1.808708 0.028618 
1.024890 0.220944 0.032519 0.033980 0.249438 0.041060 0.079663 0.278627 0.000031 3.243419 5.147850 0.013607 0.086656 0.036688 
0.313206 2.093251 0.560287 0.248167 1.344496 0.109775 0.400676 0.255429 3.243419 0.000031 0.787720 0.074554 0.699899 0.358463 
1.671494 0.208810 0.058601 0.023194 0.238888 0.069657 0.079196 1.916691 5.147850 0.787720 0.000031 0.000920 0.275748 0.010575 
0.022510 0.131534 0.153967 0.508551 0.290159 5.028610 1.650256 0.083040 0.013607 0.074554 0.000920 0.000031 0.061005 2.470630 
0.121548 0.513253 0.088040 0.270763 0.616938 0.195012 4.918121 1.808708 0.086656 0.699899 0.275748 0.061005 0.000031 0.833652 
0.047513 0.891392 3.866414 0.800848 0.722581 0.256583 0.165384 0.028618 0.036688 0.358463 0.010575 2.470630 0.833652 0.000031 
