0.000015 2.540210 0.056599 0.147733 0.258582 0.036697 0.039936 4.358701 0.960995 0.205741 1.743247 0.011255 0.060774 0.054576 
2.540210 0.000015 1.366183 0.368644 0.881665 0.077609 0.176809 0.933518 0.209495 2.197160 0.212300 0.065767 0.403555 1.042132 
0.056599 1.366183 0.000015 3.736627 0.371995 0.044627 0.137905 0.107883 0.038330 0.481757 0.076625 0.132373 0.124211 3.799932 
0.147733 0.368644 3.736627 0.000015 2.919434 1.069003 0.129455 0.114606 0.016990 0.386445 0.011597 0.491471 0.327558 0.755484 
0.258582 0.881665 0.371995 2.919434 0.000015 1.600208 0.486446 0.300285 0.171842 1.436020 0.243840 0.390813 0.652759 0.761158 
0.036697 0.077609 0.044627 1.069003 1.600208 0.000015 1.991714 0.051041 0.020530 0.167531 0.034828 5.024384 0.123315 0.233560 
0.039936 0.176809 0.137905 0.129455 0.486446 1.991714 0.000015 0.133448 0.084451 0.387223 0.115185 1.608452 5.005214 0.178809 
4.358701 0.933518 0.107883 0.114606 0.300285 0.051041 0.133448 0.000015 0.262863 0.178760 1.778634 0.067625 2.147566 0.040118 
0.960995 0.209495 0.038330 0.016990 0.171842 0.020530 0.084451 0.262863 0.000015 3.405996 5.189113 0.006804 0.089294 0.018344 
0.205741 2.197160 0.481757 0.386445 1.436020 0.167531 0.387223 0.178760 3.405996 0.000015 0.783432 0.062738 0.504401 0.277841 
1.743247 0.212300 0.076625 0.011597 0.243840 0.034828 0.115185 1.778634 5.189113 0.783432 0.000015 0.025266 0.255691 0.005288 
0.011255 0.065767 0.132373 0.491471 0.390813 5.024384 1.608452 0.067625 0.006804 0.062738 0.025266 0.000015 0.030502 2.557596 
0.060774 0.403555 0.124211 0.327558 0.652759 0.123315 5.005214 2.147566 0.089294 0.504401 0.255691 0.030502 0.000015 0.750208 
0.054576 1.042132 3.799932 0.755484 0.761158 0.233560 0.178809 0.040118 0.018344 0.277841 0.005288 2.557596 0.750208 0.000015 
