0.000008 2.456214 0.084721 0.150122 0.283246 0.018348 0.019968 4.416981 0.902685 0.205372 1.791537 0.005628 0.115343 0.079655 
2.456214 0.000008 1.586420 0.263795 0.901287 0.119140 0.169827 0.884097 0.183760 2.392774 0.131061 0.083555 0.388165 0.969725 
0.084721 1.586420 0.000008 3.696404 0.486756 0.022314 0.094604 0.128148 0.019165 0.474365 0.038312 0.118243 0.111313 3.669055 
0.150122 0.263795 3.696404 0.000008 2.896323 1.020953 0.148549 0.128610 0.008495 0.407082 0.082802 0.507373 0.337764 0.881549 
0.283246 0.901287 0.486756 2.896323 0.000008 1.596938 0.554719 0.258843 0.133765 1.118498 0.252956 0.411935 0.799459 0.835095 
0.018348 0.119140 0.022314 1.020953 1.596938 0.000008 1.958097 0.025520 0.010265 0.227787 0.046219 5.048038 0.168929 0.267271 
0.019968 0.169827 0.094604 0.148549 0.554719 1.958097 0.000008 0.093221 0.089201 0.355209 0.109823 1.669607 5.019307 0.247687 
4.416981 0.884097 0.128148 0.128610 0.258843 0.025520 0.093221 0.000008 0.255798 0.277568 1.865943 0.033812 2.112497 0.048781 
0.902685 0.183760 0.019165 0.008495 0.133765 0.010265 0.089201 0.255798 0.000008 3.575746 5.240705 0.003402 0.044647 0.062186 
0.205372 2.392774 0.474365 0.407082 1.118498 0.227787 0.355209 0.277568 3.575746 0.000008 0.701011 0.110238 0.445536 0.238634 
1.791537 0.131061 0.038312 0.082802 0.252956 0.046219 0.109823 1.865943 5.240705 0.701011 0.000008 0.037072 0.229736 0.002644 
0.005628 0.083555 0.118243 0.507373 0.411935 5.048038 1.669607 0.033812 0.003402 0.110238 0.037072 0.000008 0.015251 2.485666 
0.115343 0.388165 0.111313 0.337764 0.799459 0.168929 5.019307 2.112497 0.044647 0.445536 0.229736 0.015251 0.000008 0.741873 
0.079655 0.969725 3.669055 0.881549 0.835095 0.267271 0.247687 0.048781 0.062186 0.238634 0.002644 2.485666 0.741873 0.000008 
