0.000004 2.639589 0.042361 0.125588 0.285224 0.030006 0.009984 4.395474 0.823698 0.130355 1.777505 0.002814 0.139507 0.119873 
2.639589 0.000004 1.564243 0.301215 0.836350 0.083669 0.214430 0.989443 0.196727 2.080342 0.134433 0.092239 0.348731 1.040568 
0.042361 1.564243 0.000004 3.700880 0.416110 0.011157 0.148195 0.091423 0.009582 0.527034 0.019156 0.059121 0.105566 3.827149 
0.125588 0.301215 3.700880 0.000004 2.827060 1.076396 0.203817 0.191355 0.004248 0.323491 0.069937 0.606740 0.300883 0.790368 
0.285224 0.836350 0.416110 2.827060 0.000004 1.599799 0.476478 0.226256 0.143324 1.241846 0.339957 0.362326 0.929821 0.837426 
0.030006 0.083669 0.011157 1.076396 1.599799 0.000004 1.927187 0.035325 0.005132 0.253903 0.023109 5.053285 0.131434 0.291576 
0.009984 0.214430 0.148195 0.203817 0.476478 1.927187 0.000004 0.069061 0.044601 0.383771 0.054912 1.800025 5.009936 0.179582 
4.395474 0.989443 0.091423 0.191355 0.226256 0.035325 0.069061 0.000004 0.277273 0.378734 1.776038 0.067605 1.937518 0.086472 
0.823698 0.196727 0.009582 0.004248 0.143324 0.005132 0.044601 0.277273 0.000004 3.617876 5.248886 0.001701 0.068713 0.080216 
0.130355 2.080342 0.527034 0.323491 1.241846 0.253903 0.383771 0.378734 3.617876 0.000004 0.765611 0.106146 0.519464 0.193407 
1.777505 0.134433 0.019156 0.069937 0.339957 0.023109 0.054912 1.776038 5.248886 0.765611 0.000004 0.042823 0.268288 0.001322 
0.002814 0.092239 0.059121 0.606740 0.362326 5.053285 1.800025 0.067605 0.001701 0.106146 0.042823 0.000004 0.007626 2.319527 
0.139507 0.348731 0.105566 0.300883 0.929821 0.131434 5.009936 1.937518 0.068713 0.519464 0.268288 0.007626 0.000004 0.754493 
0.119873 1.040568 3.827149 0.790368 0.837426 0.291576 0.179582 0.086472 0.080216 0.193407 0.001322 2.319527 0.754493 0.000004 
