0.000002 2.574135 0.021180 0.159047 0.242705 0.037232 0.004992 4.468310 0.799210 0.124080 1.735880 0.022024 0.193711 0.151548 
2.574135 0.000002 1.479950 0.336820 0.742242 0.113882 0.202021 1.049647 0.239266 2.073088 0.239076 0.087304 0.381536 1.015085 
0.021180 1.479950 0.000002 3.889568 0.380119 0.005578 0.153045 0.123315 0.052465 0.457567 0.009578 0.056021 0.101618 3.804048 
0.159047 0.336820 3.889568 0.000002 2.847445 0.968935 0.202183 0.145256 0.002124 0.399102 0.061307 0.567578 0.242542 0.712148 
0.242705 0.742242 0.380119 2.847445 0.000002 1.958817 0.442819 0.178458 0.211653 1.369130 0.270461 0.371833 0.776292 0.742081 
0.037232 0.113882 0.005578 0.968935 1.958817 0.000002 1.840024 0.043736 0.002566 0.149987 0.011555 5.034175 0.171058 0.196509 
0.004992 0.202021 0.153045 0.202183 0.442819 1.840024 0.000002 0.114717 0.022300 0.422982 0.053248 1.820801 5.068021 0.186900 
4.468310 1.049647 0.123315 0.145256 0.178458 0.043736 0.114717 0.000002 0.270151 0.312733 1.818257 0.058870 1.907368 0.043236 
0.799210 0.239266 0.052465 0.002124 0.211653 0.002566 0.022300 0.270151 0.000002 3.447382 5.260975 0.000850 0.059092 0.166019 
0.124080 2.073088 0.457567 0.399102 1.369130 0.149987 0.422982 0.312733 3.447382 0.000002 0.785862 0.097200 0.567258 0.327682 
1.735880 0.239076 0.009578 0.061307 0.270461 0.011555 0.053248 1.818257 5.260975 0.785862 0.000002 0.044448 0.242746 0.000661 
0.022024 0.087304 0.056021 0.567578 0.371833 5.034175 1.820801 0.058870 0.000850 0.097200 0.044448 0.000002 0.003813 2.369138 
0.193711 0.381536 0.101618 0.242542 0.776292 0.171058 5.068021 1.907368 0.059092 0.567258 0.242746 0.003813 0.000002 0.818998 
0.151548 1.015085 3.804048 0.712148 0.742081 0.196509 0.186900 0.043236 0.166019 0.327682 0.000661 2.369138 0.818998 0.000002 
