0.000001 2.560211 0.119470 0.101626 0.260408 0.018616 0.002496 4.641038 0.712556 0.113271 1.791666 0.011012 0.125759 0.130485 
2.560211 0.000001 1.321272 0.276838 0.782970 0.126504 0.178068 0.879520 0.318389 2.196435 0.251033 0.065754 0.401166 1.230455 
0.119470 1.321272 0.000001 3.988381 0.372546 0.031750 0.106190 0.136923 0.075154 0.434529 0.004789 0.054359 0.077188 3.866065 
0.101626 0.276838 3.988381 0.000001 3.020801 0.901675 0.154927 0.241370 0.001062 0.320739 0.030653 0.579199 0.248336 0.723009 
0.260408 0.782970 0.372546 3.020801 0.000001 1.720127 0.573014 0.245823 0.234191 1.334053 0.236913 0.440559 0.778418 0.588792 
0.018616 0.126504 0.031750 0.901675 1.720127 0.000001 2.158229 0.021868 0.001283 0.100539 0.005777 5.100410 0.141329 0.260507 
0.002496 0.178068 0.106190 0.154927 0.573014 2.158229 0.000001 0.057358 0.011150 0.331438 0.055322 1.674897 5.058707 0.226820 
4.641038 0.879520 0.136923 0.241370 0.245823 0.021868 0.057358 0.000001 0.187413 0.309375 1.828145 0.058132 1.931666 0.049984 
0.712556 0.318389 0.075154 0.001062 0.234191 0.001283 0.011150 0.187413 0.000001 3.518147 5.291282 0.000425 0.103769 0.133792 
0.113271 2.196435 0.434529 0.320739 1.334053 0.100539 0.331438 0.309375 3.518147 0.000001 0.766928 0.173659 0.717011 0.272491 
1.791666 0.251033 0.004789 0.030653 0.236913 0.005777 0.055322 1.828145 5.291282 0.766928 0.000001 0.049519 0.276258 0.000330 
0.011012 0.065754 0.054359 0.579199 0.440559 5.100410 1.674897 0.058132 0.000425 0.173659 0.049519 0.000001 0.001906 2.378783 
0.125759 0.401166 0.077188 0.248336 0.778418 0.141329 5.058707 1.931666 0.103769 0.717011 0.276258 0.001906 0.000001 0.727101 
0.130485 1.230455 3.866065 0.723009 0.588792 0.260507 0.226820 0.049984 0.133792 0.272491 0.000330 2.378783 0.727101 0.000001 
