0.125000 1.667023 0.217485 0.286539 0.355934 0.205206 0.197955 3.341991 1.046492 0.779923 0.976987 0.197969 0.297793 0.273969 
1.667023 0.125000 0.924801 0.497833 0.764452 0.275234 0.516448 1.070019 0.381516 1.630126 0.578128 0.236803 0.575935 0.726948 
0.217485 0.924801 0.125000 2.368232 0.971516 0.203887 0.270033 0.390106 0.187331 0.658491 0.247636 0.575780 0.526699 2.303269 
0.286539 0.497833 2.368232 0.125000 1.956713 0.801077 0.451087 0.337945 0.221566 0.419528 0.213157 0.530205 0.444833 1.316552 
0.355934 0.764452 0.971516 1.956713 0.125000 1.119264 0.596647 0.534338 0.251212 1.356102 0.344744 0.412701 0.641453 0.540191 
0.205206 0.275234 0.203887 0.801077 1.119264 0.125000 1.200968 0.233835 0.194868 0.311688 0.209187 3.935705 0.389723 0.764626 
0.197955 0.516448 0.270033 0.451087 0.596647 1.200968 0.125000 0.245640 0.341794 0.538921 0.235878 1.264031 3.385741 0.600123 
3.341991 1.070019 0.390106 0.337945 0.534338 0.233835 0.245640 0.125000 0.594600 0.676282 1.171562 0.269668 0.748560 0.230721 
1.046492 0.381516 0.187331 0.221566 0.251212 0.194868 0.341794 0.594600 0.125000 1.529038 4.101193 0.240736 0.472683 0.282238 
0.779923 1.630126 0.658491 0.419528 1.356102 0.311688 0.538921 0.676282 1.529038 0.125000 0.694329 0.293789 0.460685 0.496364 
0.976987 0.578128 0.247636 0.213157 0.344744 0.209187 0.235878 1.171562 4.101193 0.694329 0.125000 0.212703 0.636614 0.223149 
0.197969 0.236803 0.575780 0.530205 0.412701 3.935705 1.264031 0.269668 0.240736 0.293789 0.212703 0.125000 0.426305 1.248872 
0.297793 0.575935 0.526699 0.444833 0.641453 0.389723 3.385741 0.748560 0.472683 0.460685 0.636614 0.426305 0.125000 0.838244 
0.273969 0.726948 2.303269 1.316552 0.540191 0.764626 0.600123 0.230721 0.282238 0.496364 0.223149 1.248872 0.838244 0.125000 
