0.000000 2.710645 0.084296 0.078028 0.276829 0.036200 0.024418 4.528754 0.750046 0.139855 1.736516 0.005506 0.144981 0.087723 
2.710645 0.000000 1.029988 0.219168 0.718447 0.194023 0.250425 0.951601 0.213524 2.229950 0.340669 0.087593 0.358428 1.299333 
0.084296 1.029988 0.000000 4.105959 0.399047 0.069420 0.132072 0.278791 0.059730 0.449899 0.002395 0.080314 0.137528 3.774359 
0.078028 0.219168 4.105959 0.000000 3.224449 0.847390 0.124541 0.174788 0.000531 0.303711 0.015327 0.684988 0.223692 0.601224 
0.276829 0.718447 0.399047 3.224449 0.000000 1.715226 0.471010 0.403689 0.195693 1.100492 0.324898 0.433194 0.812958 0.527864 
0.036200 0.194023 0.069420 0.847390 1.715226 0.000000 2.188218 0.034077 0.000642 0.050270 0.002889 5.105472 0.070665 0.289307 
0.024418 0.250425 0.132072 0.124541 0.471010 2.188218 0.000000 0.082411 0.033086 0.376304 0.080682 1.478407 5.059127 0.303095 
4.528754 0.951601 0.278791 0.174788 0.403689 0.034077 0.082411 0.000000 0.168918 0.393668 1.703584 0.029066 1.798528 0.055921 
0.750046 0.213524 0.059730 0.000531 0.195693 0.000642 0.033086 0.168918 0.000000 3.596891 5.300385 0.000213 0.217240 0.066896 
0.139855 2.229950 0.449899 0.303711 1.100492 0.050270 0.376304 0.393668 3.596891 0.000000 0.710612 0.220242 0.652932 0.378971 
1.736516 0.340669 0.002395 0.015327 0.324898 0.002889 0.080682 1.703584 5.300385 0.710612 0.000000 0.072636 0.313037 0.000165 
0.005506 0.087593 0.080314 0.684988 0.433194 5.105472 1.478407 0.029066 0.000213 0.220242 0.072636 0.000000 0.000953 2.405211 
0.144981 0.358428 0.137528 0.223692 0.812958 0.070665 5.059127 1.798528 0.217240 0.652932 0.313037 0.000953 0.000000 0.813728 
0.087723 1.299333 3.774359 0.601224 0.527864 0.289307 0.303095 0.055921 0.066896 0.378971 0.000165 2.405211 0.813728 0.000000 
