0.000000 2.744972 0.154560 0.076580 0.186032 0.009050 0.018553 4.621995 0.700713 0.075361 1.764135 0.001376 0.218669 0.045688 
2.744972 0.000000 0.953842 0.215712 0.888163 0.246425 0.177256 0.891984 0.196756 2.245163 0.311926 0.048274 0.422883 1.274329 
0.154560 0.953842 0.000000 4.210688 0.301896 0.151376 0.087624 0.163415 0.025770 0.640026 0.000599 0.030405 0.148426 3.749057 
0.076580 0.215712 4.210688 0.000000 3.254958 0.835699 0.103363 0.121335 0.026036 0.358249 0.115976 0.573317 0.105046 0.620725 
0.186032 0.888163 0.301896 3.254958 0.000000 1.609903 0.562002 0.298994 0.173742 1.057129 0.263304 0.513477 0.703850 0.804233 
0.009050 0.246425 0.151376 0.835699 1.609903 0.000000 2.183025 0.060133 0.036512 0.053306 0.000722 5.026659 0.109345 0.295529 
0.018553 0.177256 0.087624 0.103363 0.562002 2.183025 0.000000 0.020603 0.035036 0.373258 0.066798 1.805642 5.054740 0.129785 
4.621995 0.891984 0.163415 0.121335 0.298994 0.060133 0.020603 0.000000 0.133297 0.390791 1.756765 0.007267 2.035448 0.115658 
0.700713 0.196756 0.025770 0.026036 0.173742 0.036512 0.035036 0.133297 0.000000 3.733362 5.280874 0.012391 0.206793 0.056403 
0.075361 2.245163 0.640026 0.358249 1.057129 0.053306 0.373258 0.390791 3.733362 0.000000 0.634904 0.134879 0.524693 0.396563 
1.764135 0.311926 0.000599 0.115976 0.263304 0.000722 0.066798 1.756765 5.280874 0.634904 0.000000 0.090331 0.331310 0.000041 
0.001376 0.048274 0.030405 0.573317 0.513477 5.026659 1.805642 0.007267 0.012391 0.134879 0.090331 0.000000 0.000238 2.373429 
0.218669 0.422883 0.148426 0.105046 0.703850 0.109345 5.054740 2.035448 0.206793 0.524693 0.331310 0.000238 0.000000 0.756244 
0.045688 1.274329 3.749057 0.620725 0.804233 0.295529 0.129785 0.115658 0.056403 0.396563 0.000041 2.373429 0.756244 0.000000 
