0.000000 2.544714 0.123262 0.038290 0.185579 0.004525 0.037375 4.738553 0.924410 0.125467 1.732155 0.000688 0.137169 0.053664 
2.544714 0.000000 1.257896 0.179582 0.698442 0.230013 0.137341 0.903432 0.178037 2.411975 0.358063 0.052716 0.315675 1.377966 
0.123262 1.257896 0.000000 3.981769 0.464209 0.152033 0.071577 0.161759 0.080012 0.563426 0.051049 0.015202 0.126846 3.596811 
0.038290 0.179582 3.981769 0.000000 3.364243 0.779219 0.194448 0.108915 0.039075 0.420935 0.112038 0.650986 0.131567 0.644784 
0.185579 0.698442 0.464209 3.364243 0.000000 1.861869 0.568947 0.377410 0.113698 0.975444 0.261265 0.339546 0.683682 0.751517 
0.004525 0.230013 0.152033 0.779219 1.861869 0.000000 2.060610 0.030067 0.018256 0.073719 0.000361 5.025314 0.107458 0.302407 
0.037375 0.137341 0.071577 0.194448 0.568947 2.060610 0.000000 0.036887 0.017518 0.323435 0.061768 1.880648 5.065276 0.190020 
4.738553 0.903432 0.161759 0.108915 0.377410 0.030067 0.036887 0.000000 0.149084 0.379061 1.518253 0.003633 2.152705 0.086091 
0.924410 0.178037 0.080012 0.039075 0.113698 0.018256 0.017518 0.149084 0.000000 3.534389 5.278834 0.032462 0.226369 0.053708 
0.125467 2.411975 0.563426 0.420935 0.975444 0.073719 0.323435 0.379061 3.534389 0.000000 0.738810 0.092202 0.618514 0.388474 
1.732155 0.358063 0.051049 0.112038 0.261265 0.000361 0.061768 1.518253 5.278834 0.738810 0.000000 0.068076 0.385363 0.079817 
0.000688 0.052716 0.015202 0.650986 0.339546 5.025314 1.880648 0.003633 0.032462 0.092202 0.068076 0.000000 0.029507 2.454872 
0.137169 0.315675 0.126846 0.131567 0.683682 0.107458 5.065276 2.152705 0.226369 0.618514 0.385363 0.029507 0.000000 0.665720 
0.053664 1.377966 3.596811 0.644784 0.751517 0.302407 0.190020 0.086091 0.053708 0.388474 0.079817 2.454872 0.665720 0.000000 
