0.000000 2.624564 0.079001 0.087708 0.129132 0.001131 0.046168 4.590287 0.947846 0.228169 1.613123 0.000172 0.215304 0.061223 
2.624564 0.000000 0.884469 0.211026 0.814668 0.086177 0.276806 0.969941 0.101659 2.462652 0.391753 0.118111 0.319530 1.362471 
0.079001 0.884469 0.000000 3.975853 0.442923 0.129329 0.176412 0.181688 0.044174 0.457745 0.040874 0.042136 0.156897 4.012325 
0.087708 0.211026 3.975853 0.000000 3.372836 0.629827 0.141651 0.133590 0.089359 0.382676 0.197193 0.753804 0.097296 0.551007 
0.129132 0.814668 0.442923 3.372836 0.000000 1.794804 0.660013 0.407639 0.166528 0.974592 0.289515 0.258813 0.587052 0.725311 
0.001131 0.086177 0.129329 0.629827 1.794804 0.000000 2.172604 0.033525 0.039586 0.137606 0.013285 5.146569 0.135913 0.303471 
0.046168 0.276806 0.176412 0.141651 0.660013 2.172604 0.000000 0.062190 0.019089 0.218769 0.102317 1.688152 4.986566 0.073091 
4.590287 0.969941 0.181688 0.133590 0.407639 0.033525 0.062190 0.000000 0.100997 0.361451 1.405959 0.013018 2.303784 0.059758 
0.947846 0.101659 0.044174 0.089359 0.166528 0.039586 0.019089 0.100997 0.000000 3.586678 5.247816 0.008115 0.207785 0.064194 
0.228169 2.462652 0.457745 0.382676 0.974592 0.137606 0.218769 0.361451 3.586678 0.000000 0.754339 0.086636 0.595017 0.377498 
1.613123 0.391753 0.040874 0.197193 0.289515 0.013285 0.102317 1.405959 5.247816 0.754339 0.000000 0.080159 0.443045 0.044450 
0.000172 0.118111 0.042136 0.753804 0.258813 5.146569 1.688152 0.013018 0.008115 0.086636 0.080159 0.000000 0.007377 2.420766 
0.215304 0.319530 0.156897 0.097296 0.587052 0.135913 4.986566 2.303784 0.207785 0.595017 0.443045 0.007377 0.000000 0.568263 
0.061223 1.362471 4.012325 0.551007 0.725311 0.303471 0.073091 0.059758 0.064194 0.377498 0.044450 2.420766 0.568263 0.000000 
