0.000000 2.822453 0.067373 0.071609 0.195390 0.000566 0.044689 4.696665 0.835169 0.165922 1.598068 0.000086 0.159704 0.030611 
2.822453 0.000000 0.957162 0.130126 0.889324 0.043088 0.315609 0.775819 0.134343 2.455611 0.329002 0.135371 0.351278 1.349119 
0.067373 0.957162 0.000000 3.962193 0.450513 0.089977 0.266746 0.161635 0.049134 0.466073 0.020437 0.050518 0.182511 3.964034 
0.071609 0.130126 3.962193 0.000000 3.279294 0.661274 0.204368 0.091297 0.092797 0.360009 0.196957 0.813973 0.227385 0.597026 
0.195390 0.889324 0.450513 3.279294 0.000000 1.974739 0.635428 0.387705 0.083264 0.911585 0.277025 0.310869 0.509020 0.784150 
0.000566 0.043088 0.089977 0.661274 1.974739 0.000000 2.078581 0.069423 0.019793 0.116642 0.035271 5.116254 0.141666 0.341032 
0.044689 0.315609 0.266746 0.204368 0.635428 2.078581 0.000000 0.055224 0.035990 0.160654 0.106397 1.691702 4.973054 0.119865 
4.696665 0.775819 0.161635 0.091297 0.387705 0.069423 0.055224 0.000000 0.076698 0.403693 1.615686 0.006509 2.287532 0.060419 
0.835169 0.134343 0.049134 0.092797 0.083264 0.019793 0.035990 0.076698 0.000000 3.835158 5.281599 0.004058 0.182196 0.058107 
0.165922 2.455611 0.466073 0.360009 0.911585 0.116642 0.160654 0.403693 3.835158 0.000000 0.702525 0.043318 0.748930 0.318187 
1.598068 0.329002 0.020437 0.196957 0.277025 0.035271 0.106397 1.615686 5.281599 0.702525 0.000000 0.067821 0.378621 0.078896 
0.000086 0.135371 0.050518 0.813973 0.310869 5.116254 1.691702 0.006509 0.004058 0.043318 0.067821 0.000000 0.003688 2.444139 
0.159704 0.351278 0.182511 0.227385 0.509020 0.141666 4.973054 2.287532 0.182196 0.748930 0.378621 0.003688 0.000000 0.542721 
0.030611 1.349119 3.964034 0.597026 0.784150 0.341032 0.119865 0.060419 0.058107 0.318187 0.078896 2.444139 0.542721 0.000000 
