0.000000 2.729458 0.086836 0.061960 0.224078 0.000283 0.072984 4.592027 0.957725 0.131351 1.579763 0.023946 0.132801 0.015306 
2.729458 0.000000 1.132019 0.112318 0.918360 0.150547 0.304887 0.773396 0.143445 2.470409 0.192204 0.067685 0.273538 1.340251 
0.086836 1.132019 0.000000 3.943035 0.416976 0.070334 0.229445 0.149675 0.046237 0.327183 0.032349 0.025259 0.141712 4.007456 
0.061960 0.112318 3.943035 0.000000 3.183566 0.741059 0.256814 0.045649 0.091488 0.447787 0.216169 0.843517 0.211198 0.453959 
0.224078 0.918360 0.416976 3.183566 0.000000 1.810307 0.577583 0.420705 0.118606 0.897405 0.296816 0.319341 0.546887 0.877887 
0.000283 0.150547 0.070334 0.741059 1.810307 0.000000 2.075039 0.034712 0.032824 0.157234 0.041878 5.014453 0.174406 0.305443 
0.072984 0.304887 0.229445 0.256814 0.577583 2.075039 0.000000 0.190929 0.017995 0.128038 0.130498 1.555506 4.961878 0.106922 
4.592027 0.773396 0.149675 0.045649 0.420705 0.034712 0.190929 0.000000 0.060025 0.389785 1.544483 0.003254 2.301130 0.102748 
0.957725 0.143445 0.046237 0.091488 0.118606 0.032824 0.017995 0.060025 0.000000 3.662545 5.248861 0.002029 0.197685 0.029053 
0.131351 2.470409 0.327183 0.447787 0.897405 0.157234 0.128038 0.389785 3.662545 0.000000 0.792145 0.072732 0.825136 0.306766 
1.579763 0.192204 0.032349 0.216169 0.296816 0.041878 0.130498 1.544483 5.248861 0.792145 0.000000 0.060023 0.409569 0.063759 
0.023946 0.067685 0.025259 0.843517 0.319341 5.014453 1.555506 0.003254 0.002029 0.072732 0.060023 0.000000 0.027190 2.593581 
0.132801 0.273538 0.141712 0.211198 0.546887 0.174406 4.961878 2.301130 0.197685 0.825136 0.409569 0.027190 0.000000 0.405386 
0.015306 1.340251 4.007456 0.453959 0.877887 0.305443 0.106922 0.102748 0.029053 0.306766 0.063759 2.593581 0.405386 0.000000 
