0.000000 2.437197 0.068276 0.082478 0.337275 0.000141 0.036492 4.638460 1.066235 0.120880 1.704564 0.011973 0.121950 0.007653 
2.437197 0.000000 0.994757 0.162919 0.814147 0.130522 0.331537 0.859653 0.120344 2.698245 0.229300 0.057267 0.341651 1.456034 
0.068276 0.994757 0.000000 4.109136 0.492248 0.035167 0.192813 0.153170 0.023118 0.288997 0.067718 0.062092 0.174914 3.971166 
0.082478 0.162919 4.109136 0.000000 3.208790 0.833126 0.205796 0.049040 0.068716 0.369701 0.132658 0.818630 0.204580 0.388002 
0.337275 0.814147 0.492248 3.208790 0.000000 1.649982 0.637069 0.441095 0.130251 0.908824 0.249794 0.361139 0.478804 0.924155 
0.000141 0.130522 0.035167 0.833126 1.649982 0.000000 2.204453 0.017356 0.016412 0.129924 0.078387 5.064318 0.215060 0.258725 
0.036492 0.331537 0.192813 0.205796 0.637069 2.204453 0.000000 0.147996 0.034687 0.215146 0.089346 1.491488 4.943233 0.103517 
4.638460 0.859653 0.153170 0.049040 0.441095 0.017356 0.147996 0.000000 0.030012 0.355370 1.617652 0.001627 2.270769 0.051374 
1.066235 0.120344 0.023118 0.068716 0.130251 0.016412 0.034687 0.030012 0.000000 3.540761 5.289088 0.001014 0.275239 0.037695 
0.120880 2.698245 0.288997 0.369701 0.908824 0.129924 0.215146 0.355370 3.540761 0.000000 0.745880 0.107213 0.821162 0.331469 
1.704564 0.229300 0.067718 0.132658 0.249794 0.078387 0.089346 1.617652 5.289088 0.745880 0.000000 0.030011 0.311500 0.087677 
0.011973 0.057267 0.062092 0.818630 0.361139 5.064318 1.491488 0.001627 0.001014 0.107213 0.030011 0.000000 0.042702 2.584098 
0.121950 0.341651 0.174914 0.204580 0.478804 0.215060 4.943233 2.270769 0.275239 0.821162 0.311500 0.042702 0.000000 0.432009 
0.007653 1.456034 3.971166 0.388002 0.924155 0.258725 0.103517 0.051374 0.037695 0.331469 0.087677 2.584098 0.432009 0.000000 
