0.000000 2.478767 0.058453 0.090634 0.273234 0.000071 0.043904 4.599748 1.189313 0.143607 1.654990 0.005986 0.167366 0.033814 
2.478767 0.000000 0.938368 0.151099 0.773927 0.122917 0.245426 1.011949 0.137075 2.777999 0.276853 0.058273 0.281841 1.485392 
0.058453 0.938368 0.000000 4.258915 0.458042 0.043859 0.173686 0.133478 0.011559 0.269877 0.061135 0.031046 0.131979 4.169489 
0.090634 0.151099 4.258915 0.000000 3.493756 0.838511 0.185798 0.051530 0.059842 0.260740 0.133364 0.674340 0.154971 0.386386 
0.273234 0.773927 0.458042 3.493756 0.000000 1.768528 0.590047 0.398882 0.112477 1.091564 0.325068 0.372397 0.505301 0.576663 
0.000071 0.122917 0.043859 0.838511 1.768528 0.000000 2.168272 0.008678 0.035123 0.064962 0.039193 5.214697 0.182648 0.252427 
0.043904 0.245426 0.173686 0.185798 0.590047 2.168272 0.000000 0.179508 0.017343 0.264842 0.074486 1.607875 5.021300 0.167398 
4.599748 1.011949 0.133478 0.051530 0.398882 0.008678 0.179508 0.000000 0.040664 0.394208 1.689174 0.000814 2.205568 0.025687 
1.189313 0.137075 0.011559 0.059842 0.112477 0.035123 0.017343 0.040664 0.000000 3.430223 5.326931 0.000507 0.271645 0.107184 
0.143607 2.777999 0.269877 0.260740 1.091564 0.064962 0.264842 0.394208 3.430223 0.000000 0.753860 0.129046 0.862602 0.296356 
1.654990 0.276853 0.061135 0.133364 0.325068 0.039193 0.074486 1.689174 5.326931 0.753860 0.000000 0.015006 0.319713 0.070114 
0.005986 0.058273 0.031046 0.674340 0.372397 5.214697 1.607875 0.000814 0.000507 0.129046 0.015006 0.000000 0.047938 2.581960 
0.167366 0.281841 0.131979 0.154971 0.505301 0.182648 5.021300 2.205568 0.271645 0.862602 0.319713 0.047938 0.000000 0.587015 
0.033814 1.485392 4.169489 0.386386 0.576663 0.252427 0.167398 0.025687 0.107184 0.296356 0.070114 2.581960 0.587015 0.000000 
