0.062500 1.835263 0.209131 0.143270 0.336207 0.102603 0.124088 3.625936 1.338685 0.612586 1.003917 0.122257 0.193694 0.184022 
1.835263 0.062500 0.904749 0.422429 0.727475 0.228755 0.418612 0.906615 0.391442 1.940243 0.514423 0.239713 0.644704 0.657236 
0.209131 0.904749 0.062500 2.872127 0.710557 0.126197 0.182895 0.267332 0.145304 0.667525 0.214064 0.477590 0.381323 2.672866 
0.143270 0.422429 2.872127 0.062500 2.259207 0.837737 0.396993 0.193531 0.153025 0.397891 0.151402 0.430155 0.323113 1.250781 
0.336207 0.727475 0.710557 2.259207 0.062500 1.059735 0.625135 0.483692 0.147148 1.404097 0.350931 0.388826 0.724326 0.614324 
0.102603 0.228755 0.126197 0.837737 1.059735 0.062500 1.371146 0.181227 0.097434 0.251880 0.128219 4.305527 0.341714 0.799485 
0.124088 0.418612 0.182895 0.396993 0.625135 1.371146 0.062500 0.233406 0.281589 0.421152 0.117939 1.368527 3.842375 0.447802 
3.625936 0.906615 0.267332 0.193531 0.483692 0.181227 0.233406 0.062500 0.483008 0.786083 1.348520 0.184785 0.925584 0.211941 
1.338685 0.391442 0.145304 0.153025 0.147148 0.097434 0.281589 0.483008 0.062500 1.537503 4.505109 0.166943 0.356851 0.227619 
0.612586 1.940243 0.667525 0.397891 1.404097 0.251880 0.421152 0.786083 1.537503 0.062500 0.700300 0.257645 0.436576 0.418179 
1.003917 0.514423 0.214064 0.151402 0.350931 0.128219 0.117939 1.348520 4.505109 0.700300 0.062500 0.129907 0.484328 0.182601 
0.122257 0.239713 0.477590 0.430155 0.388826 4.305527 1.368527 0.184785 0.166943 0.257645 0.129907 0.062500 0.386027 1.373758 
0.193694 0.644704 0.381323 0.323113 0.724326 0.341714 3.842375 0.925584 0.356851 0.436576 0.484328 0.386027 0.062500 0.791045 
0.184022 0.657236 2.672866 1.250781 0.614324 0.799485 0.447802 0.211941 0.227619 0.418179 0.182601 1.373758 0.791045 0.062500 
