0.000000 2.645781 0.080984 0.093379 0.295039 0.024864 0.021952 4.474238 1.240390 0.129050 1.503840 0.025710 0.163925 0.016907 
2.645781 0.000000 0.878196 0.302584 0.652396 0.107709 0.122713 0.983055 0.149364 2.745443 0.269011 0.029136 0.269291 1.561379 
0.080984 0.878196 0.000000 4.338448 0.358805 0.045795 0.227395 0.164449 0.026596 0.277636 0.030567 0.041488 0.091707 4.153993 
0.093379 0.302584 4.338448 0.000000 3.395369 1.048428 0.092899 0.025765 0.029921 0.208703 0.092549 0.619194 0.173456 0.295364 
0.295039 0.652396 0.358805 3.395369 0.000000 1.562820 0.580982 0.426662 0.107186 1.281734 0.336663 0.468261 0.515563 0.734578 
0.024864 0.107709 0.045795 1.048428 1.562820 0.000000 2.199669 0.032327 0.017562 0.080809 0.046052 5.183427 0.189647 0.176951 
0.021952 0.122713 0.227395 0.092899 0.580982 2.199669 0.000000 0.163744 0.059051 0.263630 0.090976 1.598516 5.028874 0.265658 
4.474238 0.983055 0.164449 0.025765 0.426662 0.032327 0.163744 0.000000 0.094222 0.355181 1.854688 0.000407 2.051265 0.090056 
1.240390 0.149364 0.026596 0.029921 0.107186 0.017562 0.059051 0.094222 0.000000 3.270163 5.336523 0.000254 0.286718 0.098109 
0.129050 2.745443 0.277636 0.208703 1.281734 0.080809 0.263630 0.355181 3.270163 0.000000 0.800944 0.088592 1.008328 0.205847 
1.503840 0.269011 0.030567 0.092549 0.336663 0.046052 0.090976 1.854688 5.336523 0.800944 0.000000 0.035247 0.283941 0.035057 
0.025710 0.029136 0.041488 0.619194 0.468261 5.183427 1.598516 0.000407 0.000254 0.088592 0.035247 0.000000 0.098506 2.527321 
0.163925 0.269291 0.091707 0.173456 0.515563 0.189647 5.028874 2.051265 0.286718 1.008328 0.283941 0.098506 0.000000 0.554838 
0.016907 1.561379 4.153993 0.295364 0.734578 0.176951 0.265658 0.090056 0.098109 0.205847 0.035057 2.527321 0.554838 0.000000 
