0.000000 2.819891 0.120138 0.046690 0.332726 0.012432 0.010976 4.524933 1.270187 0.116508 1.297214 0.012855 0.112287 0.008454 
2.819891 0.000000 0.824628 0.299157 0.722311 0.082688 0.108607 0.865296 0.100305 2.865614 0.315918 0.065668 0.246889 1.368317 
0.120138 0.824628 0.000000 4.431608 0.382682 0.022897 0.113698 0.214647 0.040691 0.318285 0.064731 0.044929 0.070434 4.035922 
0.046690 0.299157 4.431608 0.000000 3.322676 0.999625 0.152007 0.036846 0.014960 0.198235 0.096107 0.546744 0.183691 0.356945 
0.332726 0.722311 0.382682 3.322676 0.000000 1.309940 0.560856 0.485266 0.124788 1.162457 0.408080 0.455260 0.527544 0.890705 
0.012432 0.082688 0.022897 0.999625 1.309940 0.000000 2.558641 0.044320 0.008781 0.063133 0.023026 5.118081 0.271548 0.170179 
0.010976 0.108607 0.113698 0.152007 0.560856 2.558641 0.000000 0.081872 0.082883 0.262240 0.095358 1.450290 5.047660 0.160203 
4.524933 0.865296 0.214647 0.036846 0.485266 0.044320 0.081872 0.000000 0.101168 0.305779 1.913061 0.026547 2.040528 0.045028 
1.270187 0.100305 0.040691 0.014960 0.124788 0.008781 0.082883 0.101168 0.000000 3.259346 5.302729 0.000127 0.247550 0.131773 
0.116508 2.865614 0.318285 0.198235 1.162457 0.063133 0.262240 0.305779 3.259346 0.000000 0.779686 0.119796 1.023381 0.210830 
1.297214 0.315918 0.064731 0.096107 0.408080 0.023026 0.095358 1.913061 5.302729 0.779686 0.000000 0.017624 0.329140 0.042616 
0.012855 0.065668 0.044929 0.546744 0.455260 5.118081 1.450290 0.026547 0.000127 0.119796 0.017624 0.000000 0.073843 2.753526 
0.112287 0.246889 0.070434 0.183691 0.527544 0.271548 5.047660 2.040528 0.247550 1.023381 0.329140 0.073843 0.000000 0.510793 
0.008454 1.368317 4.035922 0.356945 0.890705 0.170179 0.160203 0.045028 0.131773 0.210830 0.042616 2.753526 0.510793 0.000000 
