0.000000 2.617632 0.060069 0.123438 0.293761 0.006216 0.032502 4.614847 1.281169 0.138167 1.302965 0.006428 0.082649 0.032975 
2.617632 0.000000 0.950787 0.294658 0.811139 0.065307 0.103830 0.922980 0.144727 2.656626 0.306055 0.111479 0.152006 1.455592 
0.060069 0.950787 0.000000 4.355864 0.456615 0.011449 0.056849 0.137277 0.020346 0.305801 0.057224 0.048419 0.059395 4.072723 
0.123438 0.294658 4.355864 0.000000 2.945035 1.042550 0.205848 0.068821 0.122846 0.174125 0.122575 0.581661 0.239288 0.316108 
0.293761 0.811139 0.456615 2.945035 0.000000 1.404096 0.606713 0.392207 0.235854 1.140512 0.328057 0.522951 0.706257 0.749622 
0.006216 0.065307 0.011449 1.042550 1.404096 0.000000 2.380538 0.068667 0.004390 0.075341 0.031114 5.094389 0.211076 0.197686 
0.032502 0.103830 0.056849 0.205848 0.606713 2.380538 0.000000 0.087006 0.089220 0.207073 0.095600 1.436155 5.095242 0.196243 
4.614847 0.922980 0.137277 0.068821 0.392207 0.068667 0.087006 0.000000 0.076942 0.318863 1.748700 0.036892 1.970563 0.149052 
1.281169 0.144727 0.020346 0.122846 0.235854 0.004390 0.089220 0.076942 0.000000 3.014649 5.226818 0.000063 0.260035 0.115758 
0.138167 2.656626 0.305801 0.174125 1.140512 0.075341 0.207073 0.318863 3.014649 0.000000 1.020911 0.159557 1.074768 0.306425 
1.302965 0.306055 0.057224 0.122575 0.328057 0.031114 0.095600 1.748700 5.226818 1.020911 0.000000 0.056497 0.250844 0.045458 
0.006428 0.111479 0.048419 0.581661 0.522951 5.094389 1.436155 0.036892 0.000063 0.159557 0.056497 0.000000 0.036922 2.501404 
0.082649 0.152006 0.059395 0.239288 0.706257 0.211076 5.095242 1.970563 0.260035 1.074768 0.250844 0.036922 0.000000 0.453773 
0.032975 1.455592 4.072723 0.316108 0.749622 0.197686 0.196243 0.149052 0.115758 0.306425 0.045458 2.501404 0.453773 0.000000 
