0.000000 2.452201 0.100380 0.094764 0.191588 0.001554 0.008125 4.546722 1.607803 0.121641 1.289924 0.015667 0.104492 0.008244 
2.452201 0.000000 0.888909 0.307185 0.936357 0.097228 0.206797 0.914714 0.085628 2.757762 0.360893 0.110483 0.080099 1.344848 
0.100380 0.888909 0.000000 4.226463 0.532713 0.029372 0.056745 0.075055 0.027871 0.349933 0.102885 0.076819 0.051722 4.024239 
0.094764 0.307185 4.226463 0.000000 3.022447 1.255698 0.222813 0.125368 0.134181 0.194982 0.055354 0.390945 0.172529 0.340378 
0.191588 0.936357 0.532713 3.022447 0.000000 1.135283 0.709820 0.245366 0.104344 1.226834 0.648270 0.562657 0.642257 0.585170 
0.001554 0.097228 0.029372 1.255698 1.135283 0.000000 2.395141 0.057060 0.001098 0.178184 0.007778 4.902198 0.213763 0.268748 
0.008125 0.206797 0.056745 0.222813 0.709820 2.395141 0.000000 0.069682 0.105822 0.247026 0.037162 1.320776 4.975451 0.187744 
4.546722 0.914714 0.075055 0.125368 0.245366 0.057060 0.069682 0.000000 0.101727 0.265282 1.562435 0.009223 2.467750 0.102721 
1.607803 0.085628 0.027871 0.134181 0.104344 0.001098 0.105822 0.101727 0.000000 2.897091 5.205102 0.023704 0.219796 0.028939 
0.121641 2.757762 0.349933 0.194982 1.226834 0.178184 0.247026 0.265282 2.897091 0.000000 1.079441 0.127856 0.896297 0.200777 
1.289924 0.360893 0.102885 0.055354 0.648270 0.007778 0.037162 1.562435 5.205102 1.079441 0.000000 0.014124 0.168374 0.011364 
0.015667 0.110483 0.076819 0.390945 0.562657 4.902198 1.320776 0.009223 0.023704 0.127856 0.014124 0.000000 0.049649 2.939004 
0.104492 0.080099 0.051722 0.172529 0.642257 0.213763 4.975451 2.467750 0.219796 0.896297 0.168374 0.049649 0.000000 0.500927 
0.008244 1.344848 4.024239 0.340378 0.585170 0.268748 0.187744 0.102721 0.028939 0.200777 0.011364 2.939004 0.500927 0.000000 
