0.000000 2.499124 0.097686 0.146185 0.215561 0.000777 0.004063 4.562804 1.575150 0.112478 1.175331 0.033190 0.164680 0.033565 
2.499124 0.000000 0.745991 0.285261 1.041440 0.048614 0.211898 0.723636 0.093963 3.076209 0.364628 0.107864 0.065805 1.356160 
0.097686 0.745991 0.000000 4.349588 0.568379 0.067013 0.080924 0.037528 0.013935 0.306487 0.051443 0.066469 0.073451 4.161700 
0.146185 0.285261 4.349588 0.000000 3.198335 1.276105 0.186840 0.062684 0.115032 0.186675 0.027677 0.295085 0.185557 0.305568 
0.215561 1.041440 0.568379 3.198335 0.000000 1.151585 0.680654 0.223372 0.268458 1.164239 0.445678 0.653227 0.504136 0.505529 
0.000777 0.048614 0.067013 1.276105 1.151585 0.000000 2.462901 0.054604 0.000549 0.112710 0.003889 4.994155 0.207043 0.240647 
0.004063 0.211898 0.080924 0.186840 0.680654 2.462901 0.000000 0.085443 0.100638 0.249710 0.042034 1.392130 4.978695 0.144663 
4.562804 0.723636 0.037528 0.062684 0.223372 0.054604 0.085443 0.000000 0.050863 0.246969 1.878165 0.031927 2.510761 0.151837 
1.575150 0.093963 0.013935 0.115032 0.268458 0.000549 0.100638 0.050863 0.000000 2.892201 5.250314 0.036047 0.184656 0.038784 
0.112478 3.076209 0.306487 0.186675 1.164239 0.112710 0.249710 0.246969 2.892201 0.000000 1.060576 0.063928 0.931543 0.216869 
1.175331 0.364628 0.051443 0.027677 0.445678 0.003889 0.042034 1.878165 5.250314 1.060576 0.000000 0.007062 0.224765 0.089031 
0.033190 0.107864 0.066469 0.295085 0.653227 4.994155 1.392130 0.031927 0.036047 0.063928 0.007062 0.000000 0.076385 2.863124 
0.164680 0.065805 0.073451 0.185557 0.504136 0.207043 4.978695 2.510761 0.184656 0.931543 0.224765 0.076385 0.000000 0.513116 
0.033565 1.356160 4.161700 0.305568 0.505529 0.240647 0.144663 0.151837 0.038784 0.216869 0.089031 2.863124 0.513116 0.000000 
