0.000000 2.728145 0.077628 0.144588 0.258587 0.000388 0.002031 4.540936 1.582299 0.083763 1.058516 0.016595 0.136458 0.016782 
2.728145 0.000000 0.780155 0.343902 0.885497 0.051232 0.180016 0.624275 0.100617 2.766002 0.394630 0.153983 0.172416 1.465846 
0.077628 0.780155 0.000000 4.274162 0.571007 0.081584 0.065593 0.018764 0.051194 0.272381 0.048541 0.061820 0.110215 4.233674 
0.144588 0.343902 4.274162 0.000000 3.230376 1.305243 0.225902 0.082548 0.057516 0.118540 0.038010 0.305569 0.214713 0.305647 
0.258587 0.885497 0.571007 3.230376 0.000000 1.169670 0.799515 0.236275 0.180453 1.335863 0.427594 0.653274 0.437414 0.461193 
0.000388 0.051232 0.081584 1.305243 1.169670 0.000000 2.460079 0.050824 0.027191 0.111830 0.026040 5.062009 0.180303 0.120323 
0.002031 0.180016 0.065593 0.225902 0.799515 2.460079 0.000000 0.068961 0.074415 0.226914 0.044831 1.263074 5.079043 0.156342 
4.540936 0.624275 0.018764 0.082548 0.236275 0.050824 0.068961 0.000000 0.046590 0.308836 2.099058 0.015963 2.477768 0.075919 
1.582299 0.100617 0.051194 0.057516 0.180453 0.027191 0.074415 0.046590 0.000000 2.990532 5.220636 0.018024 0.227418 0.069831 
0.083763 2.766002 0.272381 0.118540 1.335863 0.111830 0.226914 0.308836 2.990532 0.000000 1.084914 0.108431 0.927044 0.311667 
1.058516 0.394630 0.048541 0.038010 0.427594 0.026040 0.044831 2.099058 5.220636 1.084914 0.000000 0.003531 0.155899 0.044516 
0.016595 0.153983 0.061820 0.305569 0.653274 5.062009 1.263074 0.015963 0.018024 0.108431 0.003531 0.000000 0.063747 2.920697 
0.136458 0.172416 0.110215 0.214713 0.437414 0.180303 5.079043 2.477768 0.227418 0.927044 0.155899 0.063747 0.000000 0.464279 
0.016782 1.465846 4.233674 0.305647 0.461193 0.120323 0.156342 0.075919 0.069831 0.311667 0.044516 2.920697 0.464279 0.000000 
