0.000000 2.813595 0.067719 0.125104 0.180754 0.000194 0.001016 4.616290 1.507540 0.096455 1.038298 0.008297 0.153252 0.031260 
2.813595 0.000000 0.880211 0.271484 0.756310 0.082814 0.191235 0.518310 0.078245 2.801990 0.380544 0.179535 0.190776 1.494724 
0.067719 0.880211 0.000000 4.173403 0.558833 0.133536 0.056035 0.033170 0.025597 0.274847 0.052383 0.059605 0.162705 4.161731 
0.125104 0.271484 4.173403 0.000000 3.331165 1.445620 0.214163 0.068118 0.052690 0.104662 0.092291 0.283972 0.183213 0.293889 
0.180754 0.756310 0.558833 3.331165 0.000000 1.023518 0.785190 0.315342 0.164949 1.376661 0.436820 0.784367 0.399954 0.525910 
0.000194 0.082814 0.133536 1.445620 1.023518 0.000000 2.493345 0.025412 0.013596 0.152619 0.037585 5.002903 0.140527 0.088104 
0.001016 0.191235 0.056035 0.214163 0.785190 2.493345 0.000000 0.034480 0.037207 0.289265 0.071105 1.191209 5.090915 0.184607 
4.616290 0.518310 0.033170 0.068118 0.315342 0.025412 0.034480 0.000000 0.049933 0.290405 2.047423 0.007982 2.481530 0.151379 
1.507540 0.078245 0.025597 0.052690 0.164949 0.013596 0.037207 0.049933 0.000000 3.036290 5.268526 0.009012 0.361274 0.034916 
0.096455 2.801990 0.274847 0.104662 1.376661 0.152619 0.289265 0.290405 3.036290 0.000000 0.998252 0.105330 0.767520 0.345478 
1.038298 0.380544 0.052383 0.092291 0.436820 0.037585 0.071105 2.047423 5.268526 0.998252 0.000000 0.026279 0.168010 0.022258 
0.008297 0.179535 0.059605 0.283972 0.784367 5.002903 1.191209 0.007982 0.009012 0.105330 0.026279 0.000000 0.107930 2.873352 
0.153252 0.190776 0.162705 0.183213 0.399954 0.140527 5.090915 2.481530 0.361274 0.767520 0.168010 0.107930 0.000000 0.432167 
0.031260 1.494724 4.161731 0.293889 0.525910 0.088104 0.184607 0.151379 0.034916 0.345478 0.022258 2.873352 0.432167 0.000000 
