0.000000 2.952856 0.060174 0.062552 0.219895 0.000097 0.028606 4.511577 1.400869 0.135098 1.025836 0.004149 0.219568 0.015630 
2.952856 0.000000 1.027016 0.270079 0.740390 0.092233 0.172567 0.600026 0.065627 2.773768 0.268878 0.137683 0.174932 1.360852 
0.060174 1.027016 0.000000 4.360025 0.580632 0.066768 0.077593 0.016585 0.039223 0.282673 0.049521 0.029803 0.156821 3.890073 
0.062552 0.270079 4.360025 0.000000 3.023277 1.649014 0.133586 0.060940 0.049505 0.156739 0.046145 0.326900 0.220068 0.278076 
0.219895 0.740390 0.580632 3.023277 0.000000 1.075150 0.863671 0.310426 0.227024 1.297349 0.390922 0.760577 0.533015 0.614580 
0.000097 0.092233 0.066768 1.649014 1.075150 0.000000 2.340878 0.012706 0.032861 0.176345 0.075020 4.922570 0.121179 0.072086 
0.028606 0.172567 0.077593 0.133586 0.863671 2.340878 0.000000 0.115522 0.046766 0.295917 0.035553 1.333953 5.050361 0.141934 
4.511577 0.600026 0.016585 0.060940 0.310426 0.012706 0.115522 0.000000 0.084155 0.248720 2.177836 0.003991 2.273851 0.220573 
1.400869 0.065627 0.039223 0.049505 0.227024 0.032861 0.046766 0.084155 0.000000 3.091528 5.268813 0.004506 0.256352 0.069679 
0.135098 2.773768 0.282673 0.156739 1.297349 0.176345 0.295917 0.248720 3.091528 0.000000 1.010511 0.075866 0.736345 0.356047 
1.025836 0.268878 0.049521 0.046145 0.390922 0.075020 0.035553 2.177836 5.268813 1.010511 0.000000 0.013139 0.207779 0.066956 
0.004149 0.137683 0.029803 0.326900 0.760577 4.922570 1.333953 0.003991 0.004506 0.075866 0.013139 0.000000 0.079993 2.943777 
0.219568 0.174932 0.156821 0.220068 0.533015 0.121179 5.050361 2.273851 0.256352 0.736345 0.207779 0.079993 0.000000 0.606644 
0.015630 1.360852 3.890073 0.278076 0.614580 0.072086 0.141934 0.220573 0.069679 0.356047 0.066956 2.943777 0.606644 0.000000 
