0.000000 3.131634 0.074762 0.031276 0.209270 0.000049 0.014303 4.513671 1.410812 0.140024 0.885583 0.030271 0.138688 0.007815 
3.131634 0.000000 0.918082 0.265801 0.755786 0.147978 0.215143 0.552640 0.086158 2.703593 0.270542 0.121620 0.249738 1.169445 
0.074762 0.918082 0.000000 4.368489 0.464267 0.059057 0.167448 0.083181 0.047443 0.340016 0.024760 0.014901 0.129760 3.895989 
0.031276 0.265801 4.368489 0.000000 2.821430 1.835970 0.166907 0.105375 0.024753 0.100685 0.045375 0.262360 0.184866 0.374871 
0.209270 0.755786 0.464267 2.821430 0.000000 1.017007 1.011362 0.235538 0.308304 1.193011 0.361930 0.975543 0.684190 0.550521 
0.000049 0.147978 0.059057 1.835970 1.017007 0.000000 2.047016 0.079141 0.035561 0.295173 0.066139 4.853277 0.088094 0.063696 
0.014303 0.215143 0.167448 0.166907 1.011362 2.047016 0.000000 0.085958 0.023383 0.283780 0.017776 1.384150 4.998769 0.172163 
4.513671 0.552640 0.083181 0.105375 0.235538 0.079141 0.085958 0.000000 0.095641 0.253796 2.305807 0.001995 2.059121 0.216292 
1.410812 0.086158 0.047443 0.024753 0.308304 0.035561 0.023383 0.095641 0.000000 2.942476 5.269258 0.026414 0.208549 0.109405 
0.140024 2.703593 0.340016 0.100685 1.193011 0.295173 0.283780 0.253796 2.942476 0.000000 1.007503 0.116382 0.776024 0.435694 
0.885583 0.270542 0.024760 0.045375 0.361930 0.066139 0.017776 2.305807 5.269258 1.007503 0.000000 0.006570 0.233749 0.093165 
0.030271 0.121620 0.014901 0.262360 0.975543 4.853277 1.384150 0.001995 0.026414 0.116382 0.006570 0.000000 0.066091 2.728583 
0.138688 0.249738 0.129760 0.184866 0.684190 0.088094 4.998769 2.059121 0.208549 0.776024 0.233749 0.066091 0.000000 0.770518 
0.007815 1.169445 3.895989 0.374871 0.550521 0.063696 0.172163 0.216292 0.109405 0.435694 0.093165 2.728583 0.770518 0.000000 
