0.015625 1.928191 0.093781 0.075397 0.275919 0.082874 0.043150 4.264953 1.368385 0.613638 1.072405 0.030564 0.159977 0.096423 
1.928191 0.015625 1.104277 0.363654 0.748524 0.153873 0.305302 1.391041 0.483353 2.004944 0.396596 0.169385 0.516257 0.540261 
0.093781 1.104277 0.015625 3.407722 0.655847 0.189121 0.122470 0.134195 0.097698 0.667442 0.107857 0.215485 0.315611 2.994149 
0.075397 0.363654 3.407722 0.015625 2.588079 0.867225 0.259759 0.162127 0.120609 0.197774 0.086227 0.407430 0.223933 1.345722 
0.275919 0.748524 0.655847 2.588079 0.015625 1.266845 0.640335 0.391061 0.131547 1.369154 0.402965 0.531431 0.732824 0.371129 
0.082874 0.153873 0.189121 0.867225 1.266845 0.015625 1.379602 0.069985 0.085680 0.182977 0.032055 4.686565 0.388793 0.720061 
0.043150 0.305302 0.122470 0.259759 0.640335 1.379602 0.015625 0.174930 0.091494 0.531816 0.091316 1.431106 4.489480 0.544897 
4.264953 1.391041 0.134195 0.162127 0.391061 0.069985 0.174930 0.015625 0.425443 0.584082 1.263657 0.145141 0.983910 0.115131 
1.368385 0.483353 0.097698 0.120609 0.131547 0.085680 0.091494 0.425443 0.015625 1.995541 4.939691 0.041736 0.241350 0.083130 
0.613638 2.004944 0.667442 0.197774 1.369154 0.182977 0.531816 0.584082 1.995541 0.015625 0.995295 0.113241 0.498476 0.351276 
1.072405 0.396596 0.107857 0.086227 0.402965 0.032055 0.091316 1.263657 4.939691 0.995295 0.015625 0.073688 0.499277 0.144629 
0.030564 0.169385 0.215485 0.407430 0.531431 4.686565 1.431106 0.145141 0.041736 0.113241 0.073688 0.015625 0.258403 2.001483 
0.159977 0.516257 0.315611 0.223933 0.732824 0.388793 4.489480 0.983910 0.241350 0.498476 0.499277 0.258403 0.015625 0.797365 
0.096423 0.540261 2.994149 1.345722 0.371129 0.720061 0.544897 0.115131 0.083130 0.351276 0.144629 2.001483 0.797365 0.015625 
