0.007812 1.967854 0.097395 0.083598 0.186797 0.041437 0.050914 4.494426 1.441727 0.563983 1.007050 0.015282 0.186274 0.068078 
1.967854 0.007812 1.229030 0.258721 0.736266 0.129024 0.198959 1.430911 0.413526 2.072345 0.430351 0.164479 0.584321 0.589028 
0.097395 1.229030 0.007812 3.551638 0.728670 0.169452 0.061235 0.067098 0.074851 0.724573 0.098127 0.133752 0.355499 2.913495 
0.083598 0.258721 3.551638 0.007812 2.629809 0.912650 0.315632 0.154762 0.060304 0.204443 0.043113 0.455923 0.183938 1.350283 
0.186797 0.736266 0.728670 2.629809 0.007812 1.386846 0.838588 0.292915 0.181860 1.244894 0.429604 0.499669 0.786048 0.262850 
0.041437 0.129024 0.169452 0.912650 1.386846 0.007812 1.401973 0.061799 0.042840 0.191687 0.037906 4.828807 0.364523 0.635870 
0.050914 0.198959 0.061235 0.315632 0.838588 1.401973 0.007812 0.161344 0.150258 0.482043 0.094061 1.272722 4.653164 0.523923 
4.494426 1.430911 0.067098 0.154762 0.292915 0.061799 0.161344 0.007812 0.364666 0.532870 1.329559 0.202924 0.996955 0.114587 
1.441727 0.413526 0.074851 0.060304 0.181860 0.042840 0.150258 0.364666 0.007812 2.148428 5.022492 0.020868 0.144092 0.138904 
0.563983 2.072345 0.724573 0.204443 1.244894 0.191687 0.482043 0.532870 2.148428 0.007812 1.080512 0.193976 0.410000 0.355062 
1.007050 0.430351 0.098127 0.043113 0.429604 0.037906 0.094061 1.329559 5.022492 1.080512 0.007812 0.036844 0.475334 0.119861 
0.015282 0.164479 0.133752 0.455923 0.499669 4.828807 1.272722 0.202924 0.020868 0.193976 0.036844 0.007812 0.155683 2.223888 
0.186274 0.584321 0.355499 0.183938 0.786048 0.364523 4.653164 0.996955 0.144092 0.410000 0.475334 0.155683 0.007812 0.908986 
0.068078 0.589028 2.913495 1.350283 0.262850 0.635870 0.523923 0.114587 0.138904 0.355062 0.119861 2.223888 0.908986 0.007812 
