0.003906 2.058490 0.048698 0.064106 0.209703 0.100923 0.025457 4.687787 1.312845 0.491073 1.089575 0.007641 0.137858 0.059126 
2.058490 0.003906 1.194872 0.231779 0.687382 0.088406 0.173901 1.390655 0.426799 2.081605 0.242803 0.235680 0.689072 0.791836 
0.048698 1.194872 0.003906 3.637556 0.639964 0.239925 0.084483 0.033549 0.061890 0.627502 0.049064 0.216300 0.352740 3.106739 
0.064106 0.231779 3.637556 0.003906 2.809249 0.926245 0.210394 0.176445 0.030152 0.176308 0.046839 0.450397 0.140422 1.393388 
0.209703 0.687382 0.639964 2.809249 0.003906 1.484032 0.790373 0.245102 0.164696 1.371013 0.375658 0.380982 0.721988 0.413140 
0.100923 0.088406 0.239925 0.926245 1.484032 0.003906 1.520464 0.052669 0.021420 0.166619 0.041399 4.815436 0.235973 0.599772 
0.025457 0.173901 0.084483 0.210394 0.790373 1.520464 0.003906 0.177295 0.126638 0.418312 0.047030 1.549785 4.667691 0.501458 
4.687787 1.390655 0.033549 0.176445 0.245102 0.052669 0.177295 0.003906 0.357982 0.431739 1.416589 0.172586 1.069063 0.081821 
1.312845 0.426799 0.061890 0.030152 0.164696 0.021420 0.126638 0.357982 0.003906 2.311290 5.106683 0.033460 0.199748 0.139679 
0.491073 2.081605 0.627502 0.176308 1.371013 0.166619 0.418312 0.431739 2.311290 0.003906 1.210230 0.171854 0.499578 0.336158 
1.089575 0.242803 0.049064 0.046839 0.375658 0.041399 0.047030 1.416589 5.106683 1.210230 0.003906 0.068017 0.517331 0.082063 
0.007641 0.235680 0.216300 0.450397 0.380982 4.815436 1.549785 0.172586 0.033460 0.171854 0.068017 0.003906 0.232431 1.958713 
0.137858 0.689072 0.352740 0.140422 0.721988 0.235973 4.667691 1.069063 0.199748 0.499578 0.517331 0.232431 0.003906 0.829387 
0.059126 0.791836 3.106739 1.393388 0.413140 0.599772 0.501458 0.081821 0.139679 0.336158 0.082063 1.958713 0.829387 0.003906 
