0.001953 2.133018 0.071316 0.077205 0.154545 0.102679 0.067165 4.767055 1.098310 0.406254 1.254732 0.029593 0.142296 0.053229 
2.133018 0.001953 1.425961 0.218545 0.733321 0.044203 0.115518 1.395933 0.417456 2.056598 0.251507 0.270862 0.643746 0.650730 
0.071316 1.425961 0.001953 3.701839 0.620716 0.245019 0.042241 0.085040 0.104835 0.462555 0.024532 0.133233 0.301407 3.138704 
0.077205 0.218545 3.701839 0.001953 2.907378 0.907151 0.184971 0.112446 0.036645 0.158720 0.023420 0.516066 0.177059 1.335953 
0.154545 0.733321 0.620716 2.907378 0.001953 1.560022 0.602091 0.300635 0.201523 1.396626 0.415002 0.348702 0.755322 0.361513 
0.102679 0.044203 0.245019 0.907151 1.560022 0.001953 1.548863 0.026335 0.010710 0.134574 0.071861 4.892110 0.217086 0.596785 
0.067165 0.115518 0.042241 0.184971 0.602091 1.548863 0.001953 0.145561 0.138070 0.473774 0.050661 1.578028 4.791908 0.618545 
4.767055 1.395933 0.085040 0.112446 0.300635 0.026335 0.145561 0.001953 0.344434 0.449459 1.315050 0.112636 1.179145 0.123667 
1.098310 0.417456 0.104835 0.036645 0.201523 0.010710 0.138070 0.344434 0.001953 2.568309 5.104036 0.016730 0.203276 0.113063 
0.406254 2.056598 0.462555 0.158720 1.396626 0.134574 0.473774 0.449459 2.568309 0.001953 1.239107 0.135082 0.563554 0.312786 
1.254732 0.251507 0.024532 0.023420 0.415002 0.071861 0.050661 1.315050 5.104036 1.239107 0.001953 0.058859 0.430267 0.118363 
0.029593 0.270862 0.133233 0.516066 0.348702 4.892110 1.578028 0.112636 0.016730 0.135082 0.058859 0.001953 0.141885 2.123612 
0.142296 0.643746 0.301407 0.177059 0.755322 0.217086 4.791908 1.179145 0.203276 0.563554 0.430267 0.141885 0.001953 0.810446 
0.053229 0.650730 3.138704 1.335953 0.361513 0.596785 0.618545 0.123667 0.113063 0.312786 0.118363 2.123612 0.810446 0.001953 
