0.000977 2.189148 0.035658 0.130269 0.176787 0.077542 0.033582 4.501506 1.191405 0.359250 1.416732 0.042318 0.121637 0.079573 
2.189148 0.000977 1.431768 0.283345 0.724471 0.022101 0.161226 1.303890 0.432674 1.983391 0.275741 0.208386 0.586413 0.752854 
0.035658 1.431768 0.000977 3.631405 0.588475 0.219935 0.121484 0.091825 0.052417 0.482832 0.037222 0.090934 0.301873 3.269579 
0.130269 0.283345 3.631405 0.000977 2.863060 0.984754 0.170019 0.104431 0.041204 0.202842 0.011710 0.569147 0.240935 1.122288 
0.176787 0.724471 0.588475 2.863060 0.000977 1.543551 0.530760 0.386654 0.125079 1.389484 0.455074 0.392482 0.869220 0.310310 
0.077542 0.022101 0.219935 0.984754 1.543551 0.000977 1.714203 0.037736 0.005355 0.090580 0.088951 4.883466 0.206208 0.481026 
0.033582 0.161226 0.121484 0.170019 0.530760 1.714203 0.000977 0.153020 0.141605 0.417046 0.051150 1.513016 4.805908 0.542389 
4.501506 1.303890 0.091825 0.104431 0.386654 0.037736 0.153020 0.000977 0.284505 0.497063 1.334053 0.056318 1.420896 0.183511 
1.191405 0.432674 0.052417 0.041204 0.125079 0.005355 0.141605 0.284505 0.000977 2.726430 5.095297 0.008365 0.172386 0.078685 
0.359250 1.983391 0.482832 0.202842 1.389484 0.090580 0.417046 0.497063 2.726430 0.000977 1.201085 0.116408 0.498240 0.390756 
1.416732 0.275741 0.037222 0.011710 0.455074 0.088951 0.051150 1.334053 5.095297 1.201085 0.000977 0.029429 0.246358 0.112605 
0.042318 0.208386 0.090934 0.569147 0.392482 4.883466 1.513016 0.056318 0.008365 0.116408 0.029429 0.000977 0.149320 2.295817 
0.121637 0.586413 0.301873 0.240935 0.869220 0.206208 4.805908 1.420896 0.172386 0.498240 0.246358 0.149320 0.000977 0.736014 
0.079573 0.752854 3.269579 1.122288 0.310310 0.481026 0.542389 0.183511 0.078685 0.390756 0.112605 2.295817 0.736014 0.000977 
